/**
 * -----------------------------------------
 * NAME: Ran Shi, Siwen Sun
 * STUDENT NUMBER: 7814643, 7898970
 * COURSE: COMP 4190, SECTION: A01
 * INSTRUCTOR: Cuneyt Akcora
 * ASSIGNMENT: Assignment 1 -CSP, QUESTION: part3-Investigation
 * -----------------------------------------
 */

 Q1:

   6*6
Algorithm Heuristic  Average      1         2         3         4         5         6         7         8         9         10
Back-         H1       22.7       20        18        21        52        18        18        19        19        23        19
tracking      H2       24.3       20        18        30        19        18        18        28        26        36        30
              H3       20.4       20        18        21        36        18        18        19        17        18        19
Forward       H1       21.1       20        18        19        28        18        19        17        18        19        35
check         H2       18.5       20        18        19        19        18        18        19        17        18        19
              H3       18.6       20        18        19        20        18        18        19        17        18        19

   8*8
Algorithm Heuristic  Average      1         2         3         4         5         6         7         8         9         10
Back-         H1      204.8       35       1370       35       132        34        35        43        67       231        66
tracking      H2       795        58       3615       35       616        62       201       531       238       2559       35
              H3      134.7       39       252        35        66        34        60        60        76       682        43
Forward       H1       37.2       35        52        35        35        34        35        36        39        36        35
check         H2       40.8       35        52        35        35        34        39        40        34        69        35
              H3        36        35        36        35        35        34        35        34        35        46        35

  10*10
Algorithm Heuristic  Average      1         2         3         4         5         6         7         8         9         10
Back-         H1      153241     7148      833        61     1252009    43420     49260     152300    27163       71       145
tracking      H2    1067837.9   196628     9860      2420    9186398    197858    281483    426213    371238     2167      4114
              H3     265165.3   33729      906       159     2349235    52062     77431     113288    24213      317       313
Forward       H1       77.3       70        71        61        68        83       110       112        74        62        62
check         H2      176.1      163       177        74       486       197        68       240       202        65        89
              H3       83.9      101        63        61       126        81        62       145        75        62        63


 Q2:
 
 